# POBLACIÓN Y Nº REPRESENTANTES:
http://www.gobiernodecanarias.org/istac/jaxi-istac/tabla.do?accion=jsonMtd&uuidConsulta=ad1f52db-d69c-4166-aa14-d272823230a5
# CENSO
## GENERALES:
http://www.gobiernodecanarias.org/istac/jaxi-istac/tabla.do?accion=jsonMtd&uuidConsulta=a73b11d9-02c6-49dd-bed4-1b21978d003b
## PARLAMENTO:
http://www.gobiernodecanarias.org/istac/jaxi-istac/tabla.do?accion=jsonMtd&uuidConsulta=f94ad60a-bf92-4488-bdc4-d5b5c6fe9ae0
## LOCALES Y AUTONÓMICAS:
http://www.gobiernodecanarias.org/istac/jaxi-istac/tabla.do?accion=jsonMtd&uuidConsulta=7b167ec2-df8a-405a-bc12-d5e10f1ed6f7








# RESULTADOS DE ELECCIONES AL CONGRESO SEGÚN CANDIDATURAS
## CANARIAS HASTA ESCALA DE MUNICIPIOS
  url.congreso_2019_nov: https://datos.canarias.es/api/estadisticas/statistical-resources/v1.0/datasets/ISTAC/C00010A_000035/~latest.json?dim=MEDIDAS:VOTOS_VALIDOS_CANDIDATURA|RATIO_VOTOS_CANDIDATURA:TERRITORIO:35004|35010|35018|35024|35028|35029|35034|35003|35007|35014|35015|35017|35030|35001|35002|35005|35006|35008|35009|35011|35012|35013|35016|35019|35020|35021|35022|35023|35025|35026|35027|35031|35032|35033|38001|38004|38005|38006|38010|38011|38012|38015|38017|38018|38019|38020|38022|38023|38025|38026|38028|38031|38032|38034|38035|38038|38039|38040|38041|38042|38043|38044|38046|38051|38052|38002|38003|38021|38036|38049|38050|38007|38008|38009|38014|38016|38024|38027|38029|38030|38033|38037|38045|38047|38053|38013_2007|38048|38901&fields=-metada&lang=es
  url.congreso_2019_abr: https://datos.canarias.es/api/estadisticas/statistical-resources/v1.0/datasets/ISTAC/C00010A_000026/~latest.json?lang=es

## CANARIAS HASTA ESCALA DE SECCIONES ELECTORALES
  url.congreso_2019_abr: https://datos.canarias.es/api/estadisticas/statistical-resources/v1.0/datasets/ISTAC/C00010A_000034/~latest.json?&lang=es
  url.congreso_2016: https://datos.canarias.es/api/estadisticas/statistical-resources/v1.0/datasets/ISTAC/C00010A_000009/~latest.json?&lang=es
  url.congreso_2015: https://datos.canarias.es/api/estadisticas/statistical-resources/v1.0/datasets/ISTAC/C00010A_000007/~latest.json?&lang=es
  url.congreso_2011: https://datos.canarias.es/api/estadisticas/statistical-resources/v1.0/datasets/ISTAC/C00010A_000002/~latest.json?&lang=es
  url.congreso_2008: https://datos.canarias.es/api/estadisticas/statistical-resources/v1.0/datasets/ISTAC/C00010A_000016/~latest.json?&lang=es
  url.congreso_2004: https://datos.canarias.es/api/estadisticas/statistical-resources/v1.0/datasets/ISTAC/C00010A_000017/~latest.json?&lang=es
  url.congreso_2000: https://datos.canarias.es/api/estadisticas/statistical-resources/v1.0/datasets/ISTAC/C00010A_000018/~latest.json?&lang=es


# RESULTADOS DE ELECCIONES AL SENADO SEGÚN CANDIDATURAS
url.senado_201911: https://datos.canarias.es/api/estadisticas/statistical-resources/v1.0/datasets/ISTAC/C00010A_000036/~latest.json?dim=MEDIDAS:VOTOS_VALIDOS_CANDIDATURA|RATIO_VOTOS_CANDIDATURA:TERRITORIO:ES70|35004|35010|35018|35024|35028|35029|35034|35003|35007|35014|35015|35017|35030|35001|35002|35005|35006|35008|35009|35011|35012|35013|35016|35019|35020|35021|35022|35023|35025|35026|35027|35031|35032|35033|38001|38004|38005|38006|38010|38011|38012|38015|38017|38018|38019|38020|38022|38023|38025|38026|38028|38031|38032|38034|38035|38038|38039|38040|38041|38042|38043|38044|38046|38051|38052|38002|38003|38021|38036|38049|38050|38007|38008|38009|38014|38016|38024|38027|38029|38030|38033|38037|38045|38047|38053|38013_2007|38048|38901&lang=es
  url.senado_201904: https://datos.canarias.es/api/estadisticas/statistical-resources/v1.0/datasets/ISTAC/C00010A_000027/~latest.json?dim=MEDIDAS:VOTOS_VALIDOS_CANDIDATURA|RATIO_VOTOS_CANDIDATURA:TERRITORIO:ES70|35004|35010|35018|35024|35028|35029|35034|35003|35007|35014|35015|35017|35030|35001|35002|35005|35006|35008|35009|35011|35012|35013|35016|35019|35020|35021|35022|35023|35025|35026|35027|35031|35032|35033|38001|38004|38005|38006|38010|38011|38012|38015|38017|38018|38019|38020|38022|38023|38025|38026|38028|38031|38032|38034|38035|38038|38039|38040|38041|38042|38043|38044|38046|38051|38052|38002|38003|38021|38036|38049|38050|38007|38008|38009|38014|38016|38024|38027|38029|38030|38033|38037|38045|38047|38053|38013_2007|38048|38901&lang=es
  url.senado_201606: https://datos.canarias.es/api/estadisticas/statistical-resources/v1.0/datasets/ISTAC/C00010A_000011/~latest.json?dim=MEDIDAS:VOTOS_VALIDOS_CANDIDATURA|RATIO_VOTOS_CANDIDATURA:TERRITORIO:ES70|35003|35007|35014|35015|35017|35030|35001|35002|35005|35006|35008|35009|35011|35012|35013|35016|35019|35020|35021|35022|35023|35025|35026|35027|35031|35032|35033|35004|35010|35018|35024|35028|35029|35034|38013|38048|38901|38002|38003|38021|38036|38049|38050|38007|38008|38009|38014|38016|38024|38027|38029|38030|38033|38037|38045|38047|38053|38001|38004|38005|38006|38010|38011|38012|38015|38017|38018|38019|38020|38022|38023|38025|38026|38028|38031|38032|38034|38035|38038|38039|38040|38041|38042|38043|38044|38046|38051|38052&lang=es
  url.senado_201512: https://datos.canarias.es/api/estadisticas/statistical-resources/v1.0/datasets/ISTAC/C00010A_000010/~latest.json?dim=TERRITORIO:ES70|35003|35007|35014|35015|35017|35030|35001|35002|35005|35006|35008|35009|35011|35012|35013|35016|35019|35020|35021|35022|35023|35025|35026|35027|35031|35032|35033|35004|35010|35018|35024|35028|35029|35034|38013|38048|38901|38002|38003|38021|38036|38049|38050|38007|38008|38009|38014|38016|38024|38027|38029|38030|38033|38037|38045|38047|38053|38001|38004|38005|38006|38010|38011|38012|38015|38017|38018|38019|38020|38022|38023|38025|38026|38028|38031|38032|38034|38035|38038|38039|38040|38041|38042|38043|38044|38046|38051|38052:MEDIDAS:VOTOS_VALIDOS_CANDIDATURA|RATIO_VOTOS_CANDIDATURA&lang=es
  url.senado_201111: https://datos.canarias.es/api/estadisticas/statistical-resources/v1.0/datasets/ISTAC/C00010A_000006/~latest.json?dim=TERRITORIO:ES70|35003|35007|35014|35015|35017|35030|35001|35002|35005|35006|35008|35009|35011|35012|35013|35016|35019|35020|35021|35022|35023|35025|35026|35027|35031|35032|35033|35004|35010|35018|35024|35028|35029|35034|38013|38048|38901|38002|38003|38021|38036|38049|38050|38007|38008|38009|38014|38016|38024|38027|38029|38030|38033|38037|38045|38047|38053|38001|38004|38005|38006|38010|38011|38012|38015|38017|38018|38019|38020|38022|38023|38025|38026|38028|38031|38032|38034|38035|38038|38039|38040|38041|38042|38043|38044|38046|38051|38052:MEDIDAS:VOTOS_VALIDOS_CANDIDATURA|RATIO_VOTOS_CANDIDATURA&lang=es
  url.senado_200803: https://datos.canarias.es/api/estadisticas/statistical-resources/v1.0/datasets/ISTAC/C00010A_000019/~latest.json?dim=MEDIDAS:VOTOS_VALIDOS_CANDIDATURA|RATIO_VOTOS_CANDIDATURA:TERRITORIO:ES70|35003|35007|35014|35015|35017|35030|35001|35002|35005|35006|35008|35009|35011|35012|35013|35016|35019|35020|35021|35022|35023|35025|35026|35027|35031|35032|35033|35004|35010|35018|35024|35028|35029|35034|38013|38048|38901|38002|38003|38021|38036|38049|38050|38007|38008|38009|38014|38016|38024|38027|38029|38030|38033|38037|38045|38047|38053|38001|38004|38005|38006|38010|38011|38012|38015|38017|38018|38019|38020|38022|38023|38025|38026|38028|38031|38032|38034|38035|38038|38039|38040|38041|38042|38043|38044|38046|38051|38052&lang=es
  url.senado_200403: https://datos.canarias.es/api/estadisticas/statistical-resources/v1.0/datasets/ISTAC/C00010A_000020/~latest.json?dim=MEDIDAS:VOTOS_VALIDOS_CANDIDATURA|RATIO_VOTOS_CANDIDATURA:TERRITORIO:ES70|35003|35007|35014|35015|35017|35030|35001|35002|35005|35006|35008|35009|35011|35012|35013|35016|35019|35020|35021|35022|35023|35025|35026|35027|35031|35032|35033|35004|35010|35018|35024|35028|35029|35034|38013|38048|38002|38003|38021|38036|38049|38050|38007|38008|38009|38014|38016|38024|38027|38029|38030|38033|38037|38045|38047|38053|38001|38004|38005|38006|38010|38011|38012|38015|38017|38018|38019|38020|38022|38023|38025|38026|38028|38031|38032|38034|38035|38038|38039|38040|38041|38042|38043|38044|38046|38051|38052&lang=es
  url.senado_200003: https://datos.canarias.es/api/estadisticas/statistical-resources/v1.0/datasets/ISTAC/C00010A_000022/~latest.json?dim=MEDIDAS:VOTOS_VALIDOS_CANDIDATURA|RATIO_VOTOS_CANDIDATURA:TERRITORIO:ES70|35003|35007|35014|35015|35017|35030|35001|35002|35005|35006|35008|35009|35011|35012|35013|35016|35019|35020|35021|35022|35023|35025|35026|35027|35031|35032|35033|35004|35010|35018|35024|35028|35029|35034|38013|38048|38002|38003|38021|38036|38049|38050|38007|38008|38009|38014|38016|38024|38027|38029|38030|38033|38037|38045|38047|38053|38001|38004|38005|38006|38010|38011|38012|38015|38017|38018|38019|38020|38022|38023|38025|38026|38028|38031|38032|38034|38035|38038|38039|38040|38041|38042|38043|38044|38051|38052&lang=es


ESTRUCTURA:

if(params$convocatoria %in% c(201911, 201904, 201606, 200403, 200003))
congreso_2019n: medidas territorio candidaturas
congreso_2019a: medidas territorio candidaturas
congreso_2016: medidas territorio candidaturas
congreso_2004: medidas territorio candidaturas
congreso_2000: medidas territorio candidaturas

if(params$convocatoria == 200803)
congreso_2008: territorio medidascandidaturas

if(params$convocatoria == 201512)
congreso_2015: candidaturas medidas territorio

if(params$convocatoria == 201111)
congreso_2011: indicadores candidaturas territorio


if(params$convocatoria %in% c(201911, 201904, 201606, 200803, 200403, 200003))
senado_2019n: medidas territorio candidaturas
senado_2019a: medidas territorio candidaturas
senado_2016: medidas territorio candidaturas
senado_2008: medidas territorio candidaturas
senado_2004: medidas territorio candidaturas
senado_2000: medidas territorio candidaturas

if(params$convocatoria == 201111)
senado_2011: territorio medidascandidaturas

if(params$convocatoria == 201512)
senado_2015: territorio candidaturas medidas


# RESULTADOS DE ELECCIONES AUTONÓMICAS
url.regional_2019: https://datos.canarias.es/api/estadisticas/statistical-resources/v1.0/datasets/ISTAC/C00010A_000031/001.000?dim=TERRITORIO:ES70|35004|35010|35018|35024|35028|35029|35034|35003|35007|35014|35015|35017|35030|35001|35002|35005|35006|35008|35009|35011|35012|35013|35016|35019|35020|35021|35022|35023|35025|35026|35027|35031|35032|35033|38001|38004|38005|38006|38010|38011|38012|38015|38017|38018|38019|38020|38022|38023|38025|38026|38028|38031|38032|38034|38035|38038|38039|38040|38041|38042|38043|38044|38046|38051|38052|38002|38003|38021|38036|38049|38050|38007|38008|38009|38014|38016|38024|38027|38029|38030|38033|38037|38045|38047|38053|38013_2007|38048|38901:MEDIDAS:VOTOS_VALIDOS_CANDIDATURA|RATIO_VOTOS_CANDIDATURA
url.insular_2019: https://datos.canarias.es/api/estadisticas/statistical-resources/v1.0/datasets/ISTAC/C00010A_000030/001.000?dim=TERRITORIO:ES70|35004|35010|35018|35024|35028|35029|35034|35003|35007|35014|35015|35017|35030|35001|35002|35005|35006|35008|35009|35011|35012|35013|35016|35019|35020|35021|35022|35023|35025|35026|35027|35031|35032|35033|38001|38004|38005|38006|38010|38011|38012|38015|38017|38018|38019|38020|38022|38023|38025|38026|38028|38031|38032|38034|38035|38038|38039|38040|38041|38042|38043|38044|38046|38051|38052|38002|38003|38021|38036|38049|38050|38007|38008|38009|38014|38016|38024|38027|38029|38030|38033|38037|38045|38047|38053|38013_2007|38048|38901:MEDIDAS:VOTOS_VALIDOS_CANDIDATURA|RATIO_VOTOS_CANDIDATURA
url.autonomicas_2015: https://datos.canarias.es/api/estadisticas/statistical-resources/v1.0/datasets/ISTAC/C00010A_000013/001.001?dim=MEDIDAS:VOTOS_VALIDOS_CANDIDATURA|RATIO_VOTOS_CANDIDATURA:TERRITORIO:ES70|35003|35007|35014|35015|35017|35030|35001|35002|35005|35006|35008|35009|35011|35012|35013|35016|35019|35020|35021|35022|35023|35025|35026|35027|35031|35032|35033|35004|35010|35018|35024|35028|35029|35034|38013|38048|38901|38002|38003|38021|38036|38049|38050|38007|38008|38009|38014|38016|38024|38027|38029|38030|38033|38037|38045|38047|38053|38001|38004|38005|38006|38010|38011|38012|38015|38017|38018|38019|38020|38022|38023|38025|38026|38028|38031|38032|38034|38035|38038|38039|38040|38041|38042|38043|38044|38046|38051|38052
url.autonomicas_2011: https://datos.canarias.es/api/estadisticas/statistical-resources/v1.0/datasets/ISTAC/C00010A_000004/001.001?dim=TERRITORIO:ES70|35003|35007|35014|35015|35017|35030|35001|35002|35005|35006|35008|35009|35011|35012|35013|35016|35019|35020|35021|35022|35023|35025|35026|35027|35031|35032|35033|35004|35010|35018|35024|35028|35029|35034|38013|38048|38901|38002|38003|38021|38036|38049|38050|38007|38008|38009|38014|38016|38024|38027|38029|38030|38033|38037|38045|38047|38053|38001|38004|38005|38006|38010|38011|38012|38015|38017|38018|38019|38020|38022|38023|38025|38026|38028|38031|38032|38034|38035|38038|38039|38040|38041|38042|38043|38044|38046|38051|38052:MEDIDAS:VOTOS_VALIDOS_CANDIDATURA|RATIO_VOTOS_CANDIDATURA
url.autonomicas_2007: https://datos.canarias.es/api/estadisticas/statistical-resources/v1.0/datasets/ISTAC/C00010A_000021/001.001?dim=MEDIDAS:VOTOS_VALIDOS_CANDIDATURA|RATIO_VOTOS_CANDIDATURA:TERRITORIO:ES70|35003|35007|35014|35015|35017|35030|35001|35002|35005|35006|35008|35009|35011|35012|35013|35016|35019|35020|35021|35022|35023|35025|35026|35027|35031|35032|35033|35004|35010|35018|35024|35028|35029|35034|38013|38048|38002|38003|38021|38036|38049|38050|38007|38008|38009|38014|38016|38024|38027|38029|38030|38033|38037|38045|38047|38053|38001|38004|38005|38006|38010|38011|38012|38015|38017|38018|38019|38020|38022|38023|38025|38026|38028|38031|38032|38034|38035|38038|38039|38040|38041|38042|38043|38044|38046|38051|38052

ESTRUCTURA:

if(params$convocatoria %in% c(2019r, 2019i, 2011))
regional_2019: territorio medidas candidaturas
insular_2019: territorio medidas candidaturas
autonomicas_2011: territorio medidas candidaturas

if(params$convocatoria %in% c(2015, 2007))
autonomicas_2015: medidas territorio candidaturas
autonomicas_2007: medidas territorio candidaturas


# RESULTADOS DE LAS ELECCIONES EUROPEAS
  url.europeas_2019: https://datos.canarias.es/api/estadisticas/statistical-resources/v1.0/datasets/ISTAC/C00010A_000028/~latest.json?dim=TERRITORIO:ES70|35004|35010|35018|35024|35028|35029|35034|35003|35007|35014|35015|35017|35030|35001|35002|35005|35006|35008|35009|35011|35012|35013|35016|35019|35020|35021|35022|35023|35025|35026|35027|35031|35032|35033|38001|38004|38005|38006|38010|38011|38012|38015|38017|38018|38019|38020|38022|38023|38025|38026|38028|38031|38032|38034|38035|38038|38039|38040|38041|38042|38043|38044|38046|38051|38052|38002|38003|38021|38036|38049|38050|38007|38008|38009|38014|38016|38024|38027|38029|38030|38033|38037|38045|38047|38053|38013_2007|38048|38901&lang=es
  url.europeas_2014: https://datos.canarias.es/api/estadisticas/statistical-resources/v1.0/datasets/ISTAC/C00010A_000014/001.001?dim=TERRITORIO:ES70|35003|35007|35014|35015|35017|35030|35001|35002|35005|35006|35008|35009|35011|35012|35013|35016|35019|35020|35021|35022|35023|35025|35026|35027|35031|35032|35033|35004|35010|35018|35024|35028|35029|35034|38013|38048|38901|38002|38003|38021|38036|38049|38050|38007|38008|38009|38014|38016|38024|38027|38029|38030|38033|38037|38045|38047|38053|38001|38004|38005|38006|38010|38011|38012|38015|38017|38018|38019|38020|38022|38023|38025|38026|38028|38031|38032|38034|38035|38038|38039|38040|38041|38042|38043|38044|38046|38051|38052&lang=es
  url.europeas_2009: https://datos.canarias.es/api/estadisticas/statistical-resources/v1.0/datasets/ISTAC/C00010A_000008/001.001?dim=TERRITORIO:ES70|35003|35007|35014|35015|35017|35030|35001|35002|35005|35006|35008|35009|35011|35012|35013|35016|35019|35020|35021|35022|35023|35025|35026|35027|35031|35032|35033|35004|35010|35018|35024|35028|35029|35034|38013|38048|38901|38002|38003|38021|38036|38049|38050|38007|38008|38009|38014|38016|38024|38027|38029|38030|38033|38037|38045|38047|38053|38001|38004|38005|38006|38010|38011|38012|38015|38017|38018|38019|38020|38022|38023|38025|38026|38028|38031|38032|38034|38035|38038|38039|38040|38041|38042|38043|38044|38046|38051|38052&lang=es
  url.europeas_2004: https://datos.canarias.es/api/estadisticas/statistical-resources/v1.0/datasets/ISTAC/C00010A_000024/001.001?dim=TERRITORIO:ES70|35003|35007|35014|35015|35017|35030|35001|35002|35005|35006|35008|35009|35011|35012|35013|35016|35019|35020|35021|35022|35023|35025|35026|35027|35031|35032|35033|35004|35010|35018|35024|35028|35029|35034|38013|38048|38002|38003|38021|38036|38049|38050|38007|38008|38009|38014|38016|38024|38027|38029|38030|38033|38037|38045|38047|38053|38001|38004|38005|38006|38010|38011|38012|38015|38017|38018|38019|38020|38022|38023|38025|38026|38028|38031|38032|38034|38035|38038|38039|38040|38041|38042|38043|38044|38046|38051|38052&lang=es
  
ESTRUCTURA:

if(params$convocatoria %in% c(2019, 2004))
  url.europeas_2019: territorio candidaturas medidas
  url.europeas_2004: territorio candidaturas medidas

if(params$convocatoria == 2014)
  url.europeas_2014: candidaturas territorio medidas

if(params$convocatoria == 2009)
  url.europeas_2009: medidas territorio candidaturas